WINDOW__BACKGROUND_COLOR=194.62898, 0.5212766, 0.5851064
eclipse.preferences.version=1
